refseq_id	subsys4
1290715	NA
1351397	NA
1351396	NA
301501	NA
1418862	NA
649028	NA
1494782	NA
1494783	NA
1215006	NA
892117	NA
1284965	NA
662062	NA
417789	NA
1763231	NA
1306519	NA
692235	NA
826911	NA
620549	NA
2253865	NA
2253867	NA
2253869	NA
1299953	NA
389253	NA
389252	NA
2247719	NA
17445	NA
1437662	NA
354175	NA
1858895	NA
223605	NA
1763419	NA
878831	NA
364841	NA
1764324	NA
56137	NA
56135	NA
1236147	NA
389336	NA
1540615	NA
1540611	NA
1540618	NA
924032	NA
924031	NA
1595095	NA
318691	NA
1199955	NA
1300128	NA
890884	NA
242723	NA
1214678	NA
1012276	NA
304751	NA
304758	NA
1379219	NA
633342	NA
252076	NA
355741	NA
1440457	NA
1440456	NA
1440459	NA
1440458	NA
1494593	NA
454190	NA
661610	NA
1227409	NA
38525	NA
369076	NA
1195800	NA
91017	NA
699220	NA
699225	NA
934157	NA
41560	NA
41563	NA
41562	NA
1740833	NA
367794	NA
1899699	NA
1017497	NA
408243	NA
243737	NA
1981617	NA
1751371	NA
1417620	NA
2253828	NA
718212	NA
409999	NA
1359497	NA
1463236	NA
1463237	NA
462303	NA
417840	NA
1942349	NA
541187	NA
1908851	NA
773197	NA
1897707	NA
784177	NA
914838	NA
1095181	NA
1235904	NA
1299877	NA
364775	NA
1022168	NA
242285	NA
923179	NA
1182430	NA
982505	NA
2121588	NA
2121586	NA
2121587	NA
2121584	NA
2121583	NA
2121580	NA
466980	NA
466989	NA
829700	NA
96279	NA
242890	NA
516861	NA
38021	NA
864081	NA
1897718	NA
8166	NA
8169	NA
770935	NA
1034918	NA
369558	NA
369552	NA
865167	NA
1314864	NA
923210	NA
1494601	NA
83234	NA
1673757	NA
1394141	NA
1858903	NA
705778	NA
302436	NA
302437	NA
455021	NA
704993	NA
1536673	NA
856033	NA
709405	NA
111591	NA
1112486	NA
1215083	NA
660505	NA
304832	NA
304839	NA
1971392	NA
1641210	NA
614645	NA
1744610	NA
530931	NA
1942342	NA
914544	NA
1213937	NA
1213939	NA
717923	NA
2245607	NA
1908838	NA
1112789	NA
1908834	NA
1908832	NA
47006	NA
741949	NA
1074440	NA
242227	NA
718436	NA
1301364	NA
711344	NA
711342	NA
1226981	NA
1898031	NA
1214236	NA
1226884	NA
1048790	NA
708112	NA
1027095	NA
1147336	NA
88340	NA
881728	NA
1475415	NA
1897939	NA
1897932	NA
1146599	NA
756290	NA
302319	NA
302317	NA
302311	NA
1907722	NA
1739665	NA
302478	NA
302471	NA
302475	NA
302477	NA
1404789	NA
938543	NA
646993	NA
1095472	NA
1095478	NA
1979506	NA
1227588	NA
942481	NA
302272	NA
1120603	NA
482237	NA
705457	NA
1314705	NA
1314706	NA
645598	NA
1292498	NA
1227684	NA
1895794	NA
1226858	NA
778977	NA
1541497	NA
940847	NA
410244	NA
369082	NA
915259	NA
454239	NA
2246502	NA
2246503	NA
2246505	NA
2246507	NA
7194	NA
1215575	NA
1316370	NA
1064518	NA
1210755	NA
333914	NA
455399	NA
1338748	NA
936489	NA
643440	NA
1897974	NA
982488	NA
454153	NA
1338640	NA
2140411	NA
1468972	NA
98020	NA
541408	NA
707631	NA
307360	NA
1899702	NA
1899706	NA
1899705	NA
1899708	NA
783924	NA
369088	NA
1490740	NA
418456	NA
649052	NA
653214	NA
778592	NA
952295	NA
1899673	NA
321469	NA
936259	NA
1044874	NA
661589	NA
1022595	NA
925924	NA
1198522	NA
651856	NA
1300122	NA
675483	NA
1385325	NA
1445067	NA
1213924	NA
498397	NA
1898011	NA
1898019	NA
238912	NA
874646	NA
389222	NA
1571134	NA
1402822	NA
2247754	NA
742077	NA
742073	NA
134198	NA
1540667	NA
1690365	NA
1267472	NA
1140391	NA
1140394	NA
1180069	NA
2121578	NA
1234082	NA
1234081	NA
1234084	NA
649531	NA
1395319	NA
1395317	NA
1674294	NA
1969424	NA
748801	NA
302390	NA
778789	NA
778787	NA
1233941	NA
1858920	NA
2121614	NA
1981619	NA
1745331	NA
43262	NA
1494861	NA
1205424	NA
1762507	NA
535620	NA
1452521	NA
988909	NA
1215073	NA
1968699	NA
1488705	NA
1291259	NA
1182598	NA
983218	NA
2253872	NA
2253873	NA
2253871	NA
2253877	NA
2253874	NA
2253875	NA
1299963	NA
1981393	NA
2121619	NA
767206	NA
389262	NA
389267	NA
1115692	NA
1437658	NA
1437651	NA
1174833	NA
2121709	NA
477971	NA
914846	NA
1235955	NA
915243	NA
1022756	NA
414491	NA
389228	NA
1540623	NA
1540627	NA
1673763	NA
2121536	NA
647326	NA
304724	NA
1454498	NA
778963	NA
1540763	NA
937090	NA
937091	NA
1093186	NA
1093182	NA
1606721	NA
1174867	NA
1690135	NA
130288	NA
1488657	NA
1899789	NA
703658	NA
2208684	NA
1294309	NA
773161	NA
1215036	NA
1763729	NA
1899683	NA
1607002	NA
1076176	NA
2121678	NA
2121675	NA
2121672	NA
91124	NA
449568	NA
449567	NA
701768	NA
1359716	NA
1227619	NA
1227611	NA
1279775	NA
2247712	NA
1738329	NA
2253866	NA
1394313	NA
1490148	NA
366392	NA
444227	NA
1182067	NA
1338078	NA
1299867	NA
1738081	NA
2247688	NA
1002837	NA
1011407	NA
1981556	NA
1233279	NA
829713	NA
2133817	NA
1236877	NA
47270	NA
915503	NA
712478	NA
2121610	NA
1908825	NA
865174	NA
865173	NA
1661670	NA
1585397	NA
1559920	NA
1138558	NA
1138557	NA
2121698	NA
2246523	NA
2246520	NA
2121740	NA
1394154	NA
710565	NA
114552	NA
1216535	NA
1980193	NA
466158	NA
480971	NA
1908853	NA
1908850	NA
1257898	NA
1093439	NA
680299	NA
1145257	NA
1059327	NA
389405	NA
652474	NA
1401443	NA
1697255	NA
2159970	NA
119078	NA
1140398	NA
1140393	NA
1140395	NA
83001	NA
1215398	NA
1227654	NA
1211929	NA
1975604	NA
1023083	NA
1023082	NA
302761	NA
1763442	NA
1213808	NA
1226995	NA
1661322	NA
83025	NA
880828	NA
1975843	NA
1234086	NA
2247693	NA
2121691	NA
774302	NA
1196058	NA
1227603	NA
1048767	NA
1402756	NA
761339	NA
1093419	NA
880967	NA
242820	NA
1259548	NA
38015	NA
38013	NA
881739	NA
881738	NA
407481	NA
1475407	NA
1234148	NA
2044730	NA
2253824	NA
1236732	NA
302328	NA
302323	NA
1907736	NA
2247685	NA
303679	NA
302467	NA
302464	NA
302462	NA
302460	NA
1762313	NA
1484362	NA
1971050	NA
1300392	NA
2121317	NA
1939804	NA
644664	NA
1494595	NA
1673315	NA
371471	NA
1908826	NA
1908822	NA
1375835	NA
1940268	NA
43785	NA
476709	NA
1571931	NA
761616	NA
254719	NA
1406257	NA
1227747	NA
1899697	NA
1437695	NA
94834	NA
1226950	NA
115411	NA
90341	NA
1350802	NA
2139343	NA
103287	NA
698029	NA
324257	NA
782433	NA
1946320	NA
2172714	NA
240181	NA
2253046	NA
1161034	NA
2121611	NA
389399	NA
389391	NA
389392	NA
880923	NA
1588760	NA
1595121	NA
1220591	NA
1601483	NA
710124	NA
320426	NA
982473	NA
1535993	NA
1118868	NA
1969395	NA
1489248	NA
302442	NA
1299743	NA
1299749	NA
1300820	NA
504569	NA
1022316	NA
1022315	NA
1227249	NA
1372330	NA
926684	NA
46964	NA
1899710	NA
1899716	NA
1899719	NA
1146715	NA
1590146	NA
1690478	NA
369090	NA
1899741	NA
649042	NA
2128921	NA
1696603	NA
1350688	NA
1350682	NA
321479	NA
917072	NA
1960461	NA
645226	NA
1494894	NA
662008	NA
662005	NA
1235906	NA
90691	NA
1014830	NA
854873	NA
2236457	NA
466141	NA
1227703	NA
1697281	NA
1744601	NA
993810	NA
61480	NA
692092	NA
422001	NA
776366	NA
1339004	NA
389232	NA
389236	NA
389235	NA
389234	NA
709037	NA
838270	NA
838275	NA
1489740	NA
1004132	NA
1300621	NA
1782325	NA
2247723	NA
1300046	NA
742066	NA
1493988	NA
2172690	NA
466153	NA
1454684	NA
1454682	NA
20151	NA
1139121	NA
1680956	NA
1738093	NA
582185	NA
1897942	NA
1234091	NA
2253876	NA
1095354	NA
242782	NA
543021	NA
917078	NA
1030254	NA
1475863	NA
2065431	NA
1053556	NA
1215124	NA
1237475	NA
1035156	NA
772693	NA
241007	NA
90771	NA
711841	NA
2139486	NA
1748710	NA
1762117	NA
1306412	NA
504464	NA
504463	NA
1155566	NA
1674677	NA
302800	NA
8487	NA
1094750	NA
1529936	NA
1603112	NA
656485	NA
1229897	NA
416140	NA
820347	NA
324669	NA
2246498	NA
2137246	NA
878350	NA
1739956	NA
983227	NA
827285	NA
1242720	NA
1299971	NA
1300171	NA
1176965	NA
1263768	NA
1263767	NA
320435	NA
38022	NA
1942348	NA
865274	NA
62570	NA
2067424	NA
1226870	NA
914852	NA
915271	NA
1236163	NA
1869919	NA
300725	NA
1540630	NA
1979882	NA
302698	NA
704733	NA
389686	NA
699009	NA
240140	NA
90851	NA
986418	NA
986410	NA
986412	NA
986413	NA
986414	NA
986415	NA
986416	NA
986417	NA
1897981	NA
1897980	NA
1664271	NA
1214692	NA
304733	NA
304734	NA
1357458	NA
881698	NA
674327	NA
878074	NA
708574	NA
1973438	NA
2121670	NA
1292021	NA
2121600	NA
891876	NA
772705	NA
940632	NA
1536785	NA
1233879	NA
2129461	NA
1227628	NA
642209	NA
1215021	NA
41543	NA
41540	NA
2140457	NA
2140459	NA
2130580	NA
1899679	NA
1337415	NA
1758843	NA
237816	NA
1557989	NA
1662807	NA
1606702	NA
741922	NA
122198	NA
369218	NA
1226385	NA
1968940	NA
2239400	NA
857596	NA
83058	NA
2174468	NA
88842	NA
1682494	NA
248446	NA
546827	NA
2139535	NA
1060359	NA
1033787	NA
2163141	NA
443492	NA
390544	NA
376096	NA
2248315	NA
1674269	NA
1946825	NA
606498	NA
1540714	NA
302576	NA
789546	NA
1489825	NA
1022330	NA
1583307	NA
1138564	NA
2121662	NA
1762380	NA
1972666	NA
302379	NA
302374	NA
369057	NA
243836	NA
389777	NA
1607004	NA
2246516	NA
2246518	NA
1565102	NA
1445292	NA
91650	NA
1339076	NA
2042673	NA
1257889	NA
1444731	NA
1034771	NA
1034770	NA
1226448	NA
957668	NA
136939	NA
43930	NA
1494822	NA
830006	NA
484548	NA
1022421	NA
700582	NA
1120762	NA
711365	NA
416051	NA
2132671	NA
1673281	NA
920905	NA
880837	NA
650563	NA
1014849	NA
1539960	NA
1946394	NA
1236970	NA
1182416	NA
1234054	NA
1402760	NA
61641	NA
663505	NA
2067782	NA
302536	NA
1436616	NA
1981567	NA
646893	NA
1641204	NA
982422	NA
1979980	NA
1306675	NA
1899743	NA
1257945	NA
1603100	NA
302333	NA
369619	NA
466147	NA
826408	NA
303648	NA
1945989	NA
1213514	NA
1182074	NA
656446	NA
1029939	NA
1489135	NA
1214411	NA
1908836	NA
1751116	NA
1059371	NA
1226427	NA
2174087	NA
1744596	NA
82095	NA
82097	NA
43976	NA
892099	NA
1316439	NA
1437682	NA
1674298	NA
1738060	NA
389287	NA
1320977	NA
718570	NA
1181773	NA
1022663	NA
652627	NA
1908848	NA
880914	NA
1338763	NA
647531	NA
1588757	NA
2253041	NA
1161728	NA
2140249	NA
1234174	NA
1491430	NA
988096	NA
502777	NA
1214732	NA
1257905	NA
539204	NA
1299757	NA
1673739	NA
1230966	NA
302451	NA
1751422	NA
706441	NA
1897831	NA
1139236	NA
758198	NA
46911	NA
1899727	NA
1899723	NA
711839	NA
711837	NA
1214452	NA
871176	NA
1972928	NA
74659	NA
134626	NA
134629	NA
1095337	NA
484492	NA
1044857	NA
880755	NA
1608364	NA
1044767	NA
1694271	NA
2033384	NA
389241	NA
389248	NA
1472825	NA
1472826	NA
1740699	NA
1898034	NA
238936	NA
1641203	NA
354180	NA
1093942	NA
2247732	NA
2247738	NA
2247739	NA
648855	NA
1395215	NA
1944955	NA
694748	NA
111656	NA
1349093	NA
1349097	NA
1590143	NA
389231	NA
389238	NA
2044429	NA
1897954	NA
1897956	NA
1897950	NA
1454510	NA
299584	NA
1897716	NA
1118853	NA
1608354	NA
1608351	NA
2139592	NA
1540786	NA
865198	NA
8280	NA
2236280	NA
982178	NA
940806	NA
1233962	NA
712325	NA
302490	NA
1301003	NA
239035	NA
1237466	NA
1588526	NA
645332	NA
1300628	NA
1471735	NA
1979142	NA
112081	NA
249836	NA
1094870	NA
717986	NA
1094740	NA
773176	NA
1215054	NA
1044810	NA
656923	NA
1641218	NA
128669	NA
419382	NA
713832	NA
302174	NA
302172	NA
1899692	NA
1939808	NA
983233	NA
983231	NA
532687	NA
701701	NA
657178	NA
892042	NA
699234	NA
1663942	NA
382521	NA
1740193	NA
1012130	NA
419154	NA
342123	NA
1138547	NA
1053662	NA
915266	NA
862488	NA
1198202	NA
2121590	NA
700474	NA
1981521	NA
711730	NA
1880048	NA
1940273	NA
1940276	NA
699014	NA
986409	NA
1942347	NA
1897991	NA
1898000	NA
1300176	NA
763852	NA
1443803	NA
1583287	NA
1685180	NA
1969348	NA
1540749	NA
1401428	NA
1908835	NA
1908837	NA
1233927	NA
303771	NA
885647	NA
1550378	NA
833406	NA
485742	NA
485740	NA
1029867	NA
1227431	NA
1756141	NA
1540142	NA
820210	NA
1674651	NA
543150	NA
1395186	NA
1395187	NA
1395180	NA
1320538	NA
1762644	NA
983213	NA
240216	NA
91047	NA
699213	NA
302292	NA
649032	NA
88658	NA
1215014	NA
82989	NA
321483	NA
41558	NA
41557	NA
41553	NA
111095	NA
1337465	NA
543993	NA
952374	NA
483632	NA
1945873	NA
2139608	NA
1094954	NA
1946752	NA
1178116	NA
718240	NA
389243	NA
1971405	NA
126795	NA
1437672	NA
933018	NA
1196199	NA
1337993	NA
1337992	NA
1174559	NA
522048	NA
419113	NA
1236150	NA
1468980	NA
353992	NA
1782369	NA
717977	NA
240131	NA
1044225	NA
1060364	NA
1674187	NA
243341	NA
864077	NA
304743	NA
711618	NA
302548	NA
1489834	NA
1086458	NA
708322	NA
1901227	NA
1440460	NA
1440461	NA
670744	NA
417586	NA
488599	NA
1022214	NA
1394174	NA
2254040	NA
993807	NA
1763343	NA
1763317	NA
1763786	NA
2043415	NA
1236319	NA
646253	NA
1398815	NA
304808	NA
304807	NA
1028958	NA
388982	NA
1908847	NA
1908843	NA
1908842	NA
1608348	NA
342214	NA
1034769	NA
456177	NA
952338	NA
1385383	NA
865315	NA
993703	NA
993700	NA
46064	NA
1222883	NA
1494834	NA
1227637	NA
1165927	NA
1022412	NA
1682208	NA
700597	NA
1898005	NA
1316462	NA
302708	NA
718461	NA
1383224	NA
789779	NA
241686	NA
711375	NA
662604	NA
516083	NA
880842	NA
2069924	NA
470116	NA
470115	NA
470118	NA
1236115	NA
1236114	NA
1236113	NA
1236112	NA
1236111	NA
1236110	NA
239469	NA
82843	NA
125120	NA
1299733	NA
1299737	NA
1763567	NA
466827	NA
2121593	NA
2121592	NA
2121595	NA
2121597	NA
2121596	NA
2121599	NA
2121598	NA
1234061	NA
342211	NA
1236896	NA
761352	NA
1418304	NA
38030	NA
38036	NA
1048693	NA
934168	NA
655712	NA
304782	NA
239522	NA
712273	NA
1175504	NA
865151	NA
865159	NA
923205	NA
923200	NA
1641212	NA
1641213	NA
1641217	NA
1559948	NA
692258	NA
1138532	NA
1078001	NA
1257953	NA
302342	NA
302347	NA
1089940	NA
349767	NA
303656	NA
302401	NA
302400	NA
302409	NA
466173	NA
466178	NA
1440214	NA
833581	NA
2114205	NA
1263675	NA
1263673	NA
2246524	NA
1740887	NA
701699	NA
1844354	NA
917065	NA
917068	NA
1661366	NA
1350926	NA
1339148	NA
741954	NA
741955	NA
306126	NA
2140253	NA
1236075	NA
1236079	NA
936390	NA
936392	NA
1214520	NA
465702	NA
302749	NA
238984	NA
389290	NA
389292	NA
889550	NA
470151	NA
1228420	NA
1174883	NA
2247697	NA
302640	NA
718569	NA
1540345	NA
238414	NA
1394474	NA
1226890	NA
1048785	NA
761311	NA
1394235	NA
2121703	NA
702992	NA
2236350	NA
1022657	NA
881717	NA
1468985	NA
1696363	NA
1979433	NA
923166	NA
2246495	NA
2246493	NA
302301	NA
891881	NA
1489163	NA
706312	NA
1745635	NA
302449	NA
1022319	NA
708892	NA
1908784	NA
1095449	NA
1237496	NA
466973	NA
1120282	NA
981615	NA
1908844	NA
1899738	NA
1899730	NA
1899734	NA
1908849	NA
647104	NA
466992	NA
1022645	NA
871164	NA
302205	NA
482227	NA
692424	NA
1092924	NA
1226359	NA
418657	NA
1898042	NA
43845	NA
1970627	NA
1033314	NA
1033319	NA
2246513	NA
2246511	NA
2246515	NA
1215569	NA
1316363	NA
2247708	NA
2247705	NA
2247701	NA
1697793	NA
1395223	NA
1394431	NA
2246492	NA
1762416	NA
1211205	NA
1364323	NA
1540698	NA
1540691	NA
880846	NA
761284	NA
881759	NA
881758	NA
881751	NA
1895587	NA
1897965	NA
982747	NA
466091	NA
1395367	NA
982497	NA
982491	NA
1540725	NA
711685	NA
538640	NA
1233976	NA
302480	NA
302487	NA
62277	NA
1945849	NA
239005	NA
1095402	NA
1062362	NA
1237450	NA
662583	NA
1385431	NA
2253885	NA
1144926	NA
1898027	NA
1306296	NA
1215041	NA
2120112	NA
1763254	NA
1152527	NA
2121692	NA
2121690	NA
2121696	NA
2121694	NA
829583	NA
759641	NA
1762632	NA
2136948	NA
1236086	NA
1236082	NA
1299919	NA
544228	NA
389218	NA
389214	NA
389217	NA
455414	NA
983173	NA
545948	NA
1167998	NA
2247749	NA
742045	NA
648864	NA
1103454	NA
411205	NA
1697836	NA
2121609	NA
2121608	NA
1661389	NA
880982	NA
240166	NA
1386415	NA
242678	NA
242675	NA
242674	NA
1302585	NA
1302587	NA
1395322	NA
1585374	NA
863970	NA
242764	NA
412641	NA
1745147	NA
1969357	NA
302452	NA
2236256	NA
302387	NA
302383	NA
302389	NA
1606719	NA
2121605	NA
2121607	NA
2121606	NA
2121603	NA
2121602	NA
1899675	NA
